9
18
100 59 50 88 15 53 17 105 37 61 50 78 15 103 44 81 62 12
105
51 47 38 35 1 82 51 73 39 4 60 101 49 92 82 7 15 42 86 46 88 76 72 31 92 78 59 85 69 45 27 101 88 103 15 31 94 79 101 13 67 1 96 36 45 41 81 47 65 103 23 7 67 34 5 66 53 88 8 26 25 5 1 78 104 27 50 73 18 100 51 57 52 7 49 20 85 93 59 64 7 82 7 3 44 48 52 83 54 99 91 86 49 81 75 43 15 14 33 4 23 18 102 86 35
23
98 104 81 86 39 33 30 80 32 88 26 92 79 46 51 63 29 12 83 100 60 44 51
90
25 90 76 86 12 55 10 85 101 44 67 22 24 5 70 40 34 86 38 36 20 88 76 65 24 52 68 63 45 80 22 87 1 101 22 85 88 11 25 51 29 7 60 8 69 8 84 2 97 48 14 89 57 74 79 43 90 77 28 71 76 64 9 84 4 7 25 54 103 65 63 67 68 82 66 9 45 30 28 56 15 6 62 89 17 11 80 77 63 92
61
85 21 57 27 87 61 89 65 12 78 44 12 78 73 103 33 6 105 4 48 74 44 52 9 32 19 68 38 84 56 18 52 34 103 6 56 80 12 12 31 18 2 80 77 85 88 43 95 46 74 23 26 11 67 61 92 64 40 19 55 69
9
44 52 4 22 96 61 46 101 8
11
87 100 31 82 78 68 99 75 85 102 9
52
78 72 102 33 49 67 22 72 100 21 105 100 39 46 94 54 48 82 14 3 32 87 32 88 48 25 59 49 11 61 60 95 29 57 69 60 17 21 34 57 8 69 21 53 87 12 58 47 85 49 90 46
89
28 74 104 84 39 78 21 1 41 6 35 19 53 42 9 6 66 14 88 54 97 87 51 64 32 30 86 52 11 79 60 79 96 67 7 3 48 35 45 4 62 23 4 23 22 8 50 45 95 89 9 20 59 8 84 77 80 70 50 57 36 76 90 19 28 29 87 7 14 37 19 86 49 78 79 33 105 84 94 17 75 47 64 94 7 51 102 71 64
